summary_AutomatchType,summary_Abroad,summary_Weight,summary_Title,summary_JobHeadline,summary_Presentation,summary_HiringOrgName,summary_WorkPlaceAddress,summary_WorkPlacePostalCode,summary_WorkPlaceCity,summary_WorkPlaceOtherAddress,summary_WorkPlaceAbroad,summary_WorkPlaceNotStatic,summary_UseWorkPlaceAddressForJoblog,summary_PostingCreated,summary_LastDateApplication,summary_FormattedLastDateApplication,summary_AssignmentStartDate,summary_IsHotjob,summary_IsExternal,summary_Url,summary_Region,summary_Municipality,summary_Country,summary_PostalCode,summary_PostalCodeName,summary_JobAnnouncementType,summary_EmploymentType,summary_WorkHours,summary_OccupationArea,summary_OccupationGroup,summary_Occupation,summary_Location,summary_JoblogWorkTime_WorkHour,summary_JoblogWorkTime_DailyWorkTime,summary_WorkplaceID,summary_OrganisationId,summary_HiringOrgCVR,summary_UserLoggedIn,summary_AnonymousEmployer,summary_ShareUrl,summary_DetailsUrl,summary_JobLogUrl,summary_HasLocationValues,summary_ID,summary_Latitude,summary_Longitude,details_WorkSchedule,details_WorkConditions,details_EmploymentTypes,details_WorkPlace_Name,details_WorkPlace_Address_AddressLine,details_WorkPlace_Address_Country_Id,details_WorkPlace_Address_Country_Name,details_WorkPlace_Address_Municipality_Id,details_WorkPlace_Address_Municipality_Name,details_WorkPlace_Address_Region_Id,details_WorkPlace_Address_Region_Name,details_WorkPlace_Address_PostalCode,details_WorkPlace_Address_City,details_WorkPlace_PhoneNumber_Number,details_WorkPlace_PhoneNumber_Type,details_WorkPlace_PhoneNumber_Description,details_WorkPlace_FaxNumber,details_WorkPlace_Email,details_WorkPlace_WebAddress,details_WorkPlace_Description,details_WorkPlace_Logo,details_WorkPlace_WorkPlaceOrganizationNumber,details_WorkPlace_OrganizationNumber,details_WorkPlace_OrganizationDescription,details_JobPositionPosting_Id,details_JobPositionPosting_OriginalJppId,details_JobPositionPosting_HiringOrg_Name,details_JobPositionPosting_HiringOrg_Address_AddressLine,details_JobPositionPosting_HiringOrg_Address_Country_Id,details_JobPositionPosting_HiringOrg_Address_Country_Name,details_JobPositionPosting_HiringOrg_Address_Municipality_Id,details_JobPositionPosting_HiringOrg_Address_Municipality_Name,details_JobPositionPosting_HiringOrg_Address_Region_Id,details_JobPositionPosting_HiringOrg_Address_Region_Name,details_JobPositionPosting_HiringOrg_Address_PostalCode,details_JobPositionPosting_HiringOrg_Address_City,details_JobPositionPosting_HiringOrg_PhoneNumber_Number,details_JobPositionPosting_HiringOrg_PhoneNumber_Type,details_JobPositionPosting_HiringOrg_PhoneNumber_Description,details_JobPositionPosting_HiringOrg_FaxNumber,details_JobPositionPosting_HiringOrg_Email,details_JobPositionPosting_HiringOrg_WebAddress,details_JobPositionPosting_HiringOrg_Description,details_JobPositionPosting_HiringOrg_Logo,details_JobPositionPosting_HiringOrg_WorkPlaceOrganizationNumber,details_JobPositionPosting_HiringOrg_OrganizationNumber,details_JobPositionPosting_HiringOrg_OrganizationDescription,details_JobPositionPosting_RecruitingCompany,details_JobPositionPosting_PublicationStartDate,details_JobPositionPosting_PublicationEndDate,details_JobPositionPosting_JobPositionInformation_PositionTitle,details_JobPositionPosting_JobPositionInformation_Purpose,details_JobPositionPosting_JobPositionInformation_WorkLocation_AddressLine,details_JobPositionPosting_JobPositionInformation_WorkLocation_Country_Id,details_JobPositionPosting_JobPositionInformation_WorkLocation_Country_Name,details_JobPositionPosting_JobPositionInformation_WorkLocation_Municipality_Id,details_JobPositionPosting_JobPositionInformation_WorkLocation_Municipality_Name,details_JobPositionPosting_JobPositionInformation_WorkLocation_Region_Id,details_JobPositionPosting_JobPositionInformation_WorkLocation_Region_Name,details_JobPositionPosting_JobPositionInformation_WorkLocation_PostalCode,details_JobPositionPosting_JobPositionInformation_WorkLocation_City,details_JobPositionPosting_JobPositionInformation_EmploymentType,details_JobPositionPosting_JobPositionInformation_WeeklyWorkHours_TypeId,details_JobPositionPosting_JobPositionInformation_WeeklyWorkHours_TypeName,details_JobPositionPosting_JobPositionInformation_WeeklyWorkHours_Description,details_JobPositionPosting_JobPositionInformation_CompensationDescription,details_JobPositionPosting_JobPositionInformation_NumberToFill,details_JobPositionPosting_JobPositionInformation_DriverLicense,details_JobPositionPosting_JobPositionInformation_Occupation_DiscoWeb,details_JobPositionPosting_JobPositionInformation_Occupation_AlternateNames,details_JobPositionPosting_JobPositionInformation_Occupation_GroupId,details_JobPositionPosting_JobPositionInformation_Occupation_AreaId,details_JobPositionPosting_JobPositionInformation_Occupation_Id,details_JobPositionPosting_JobPositionInformation_Occupation_Name,details_JobPositionPosting_JobPositionInformation_IsGovernmentHiring,details_JobPositionPosting_JobPositionInformation_JppContacts,details_JobPositionPosting_JobPositionInformation_EmploymentDate,details_JobPositionPosting_IsRecruitmentOfForeignNationals,details_JobPositionPosting_IsWorkInDenmark,details_JobPositionPosting_IsAnonymousEmployer,details_JobPositionPosting_IsDisabilityFriendly,details_JobPositionPosting_JppType,details_JobPositionPosting_ApplicationDetails_WorkHourMax,details_JobPositionPosting_ApplicationDetails_WorkHourMin,details_JobPositionPosting_ApplicationDetails_DailyWorkTimeWeekend,details_JobPositionPosting_ApplicationDetails_DailyWorkTimeNight,details_JobPositionPosting_ApplicationDetails_DailyWorkTimeEvening,details_JobPositionPosting_ApplicationDetails_DailyWorkTimeDay,details_JobPositionPosting_ApplicationDetails_ReferenceText,details_JobPositionPosting_ApplicationDetails_RemarksToApplicant,details_JobPositionPosting_ApplicationDetails_ByEmail,details_JobPositionPosting_ApplicationDetails_ByPhone,details_JobPositionPosting_ApplicationDetails_ApplyViaUrl,details_JobPositionPosting_ApplicationDetails_ReplyInWriting,details_JobPositionPosting_ApplicationDetails_ApplicationDeadlineDate,details_JobPositionPosting_ContactAuthorityPhoneNumber_Number,details_JobPositionPosting_ContactAuthorityPhoneNumber_Type,details_JobPositionPosting_ContactAuthorityPhoneNumber_Description,details_JobPositionPosting_Status,details_LogoUrl,details_Address,details_ShowMap,details_ShowShareButtonJobLog,details_JobLogUrl,details_JobLogTemplateModel_Identifier,details_JobLogTemplateModel_UseWorkPlaceAddressForJoblog,details_JobLogTemplateModel_Category,details_JobLogTemplateModel_CvCustomerIdentifier,details_JobLogTemplateModel_JobSeekingStatus,details_JobLogTemplateModel_Title,details_JobLogTemplateModel_IsApplicationSourceRequired,details_JobLogTemplateModel_ApplicationSource,details_JobLogTemplateModel_IsWeeklyWorkTimeRequired,details_JobLogTemplateModel_WeeklyWorkTime,details_JobLogTemplateModel_HoursPerWeek,details_JobLogTemplateModel_JobnetJobPostingIdentifier,details_JobLogTemplateModel_JobAdDocument_Title,details_JobLogTemplateModel_JobAdDocument_Identifier,details_JobLogTemplateModel_JobAdDocument_IsDeletedBySystem,details_JobLogTemplateModel_JobAdDocument_IsDeletedByUser,details_JobLogTemplateModel_JobAdFile,details_JobLogTemplateModel_Company_JobLogEntryCategory,details_JobLogTemplateModel_Company_ShowAddressFieldsEvenIfEmpty,details_JobLogTemplateModel_Company_Name,details_JobLogTemplateModel_Company_Address,details_JobLogTemplateModel_Company_Country,details_JobLogTemplateModel_Company_EmploymentAreaID,details_JobLogTemplateModel_Company_PostCode,details_JobLogTemplateModel_Company_IsCountryAndTownAndPostCodeEmpty,details_JobLogTemplateModel_Company_IsTownAndPostCodeEmpty,details_JobLogTemplateModel_Company_IsCountryDanmark,details_JobLogTemplateModel_Company_Town,details_JobLogTemplateModel_Company_ContactPerson,details_JobLogTemplateModel_Company_Phone,details_JobLogTemplateModel_Company_Email,details_JobLogTemplateModel_Company_Latitude,details_JobLogTemplateModel_Company_Longitude,details_JobLogTemplateModel_Company_DailyTravelTimeInMinutes,details_JobLogTemplateModel_Company_DistanceToCompanyInMeters,details_JobLogTemplateModel_Company_IsCreateMode,details_JobLogTemplateModel_TypeOfSubmission,details_JobLogTemplateModel_SubmissionDate,details_JobLogTemplateModel_SubmissionDateFormatted,details_JobLogTemplateModel_SubmissionDateTiks,details_JobLogTemplateModel_IsSubmissionDateRequired,details_JobLogTemplateModel_Status,details_JobLogTemplateModel_DateCreatedFormatted,details_JobLogTemplateModel_DateCreated,details_JobLogTemplateModel_DateModifiedFormatted,details_JobLogTemplateModel_DateModified,details_JobLogTemplateModel_LastModifiedDateTiks,details_JobLogTemplateModel_DateClosed,details_JobLogTemplateModel_JobApplicationDocument_Title,details_JobLogTemplateModel_JobApplicationDocument_Identifier,details_JobLogTemplateModel_JobApplicationDocument_IsDeletedBySystem,details_JobLogTemplateModel_JobApplicationDocument_IsDeletedByUser,details_JobLogTemplateModel_CvDocument_Title,details_JobLogTemplateModel_CvDocument_Identifier,details_JobLogTemplateModel_CvDocument_IsDeletedBySystem,details_JobLogTemplateModel_CvDocument_IsDeletedByUser,details_JobLogTemplateModel_JobApplicationFile,details_JobLogTemplateModel_CvFile,details_JobLogTemplateModel_SubmissionDeadlineDate,details_JobLogTemplateModel_IsPersisted,details_JobLogTemplateModel_ServerValidationErrors,details_JobLogTemplateModel_HasServerValidationErrors,details_JoblogWorkTime_WorkHour,details_JoblogWorkTime_DailyWorkTime,details_Place,details_OpenPrintDialog,details_WorkPlaceInfoText,details_JobCenterContactDetails,details_WorkPlaceDescriptionText,details_FavoriteText,details_IsFavorite,details_ShowFavorite,details_MetaOgTextForSharing,details_DescriptionForSharing,details_TitleForSharing,details_RutePlan,details_FormattedPurpose,details_MapUrl,details_OrganizationNumber,details_ShowSearchJobButton,details_ShowPrint,details_BackToFindWorkButtonUrl,isExternal
0,True,1,"Frisører / barberer, Ski, Norge","Frisører / barberer, Ski, Norge","J&k Barber Shop, Ski Storsenter, Norge, søker frisører / barberer.
Faste stillinger, heltid, skiftarbeid, startdato etter avtale.
Vi tilbyr:

Høy lønn med", J&k Barber Shop Ski Storsenter,,,,False,True,False,False,2022-03-24T00:00:00,2022-05-19T00:00:00,19. maj 2022,0001-01-01T00:00:00,False,False,https://job.jobnet.dk/CV/FindWork/Details/5560549,,,Norge,,,,,Fuldtid,"Sundhed, omsorg og personlig pleje",Personlig pleje og skønhedspleje,Frisør,,,,0,0,99999999,False,False,https://job.jobnet.dk/CV/FindWork/DetailsSocialmedia/5560549,https://job.jobnet.dk/CV/FindWork/Details/5560549,https://job.jobnet.dk/CV/FindWork/Details/5560549,False,5560549,0,0,"{'Id': 1, 'Name': 'Fuldtid'}, {'Id': 16, 'Name': 'Deltid'}","{'Id': 1, 'Name': 'Almindelige vilkår'}, {'Id': 2, 'Name': 'Fleksjob'}, {'Id': 3, 'Name': 'Skånejob'}, {'Id': 4, 'Name': 'Egnet til efterlønnere og seniorer'}, {'Id': 5, 'Name': 'Job med løntilskud'}, {'Id': 6, 'Name': 'Rotationsjob'}, {'Id': 7, 'Name': 'Virksomhedspraktik'}","{'Id': 1, 'Name': 'Fastansættelse'}, {'Id': 16, 'Name': 'Tidsbegrænset ansættelse'}",J&k Barber Shop Ski Storsenter,Jernbanesvingen 6,158,Norge,580,Aabenraa,3,Syddanmark,1400,Ski,,0,Primary,,alan@j-k.no,,None,,9999999999,99999999,None,5560549,5560549,J&k Barber Shop Ski Storsenter,Jernbanesvingen 6,158,Norge,580,Aabenraa,3,Syddanmark,1400,Ski,,0,Primary,,alan@j-k.no,,None,,9999999999,99999999,None,,2022-03-24T00:00:00,2022-05-19T00:00:00,"Frisører / barberer, Ski, Norge","J&k Barber Shop, Ski Storsenter, Norge, søker frisører / barberer. 
 Faste stillinger, heltid, skiftarbeid, startdato etter avtale. 
 Vi tilbyr: 
 
 Høy lønn med gode betingelser 
 Fast ansettelse med tett oppfølgning 
 Et godt arbeidsmiljø 
 
 Ønsket kvalifikasjoner: 
 
 Minimum ett års erfaring som frisør. 
 Gode kommunikasjonsevne i norsk/engelsk. 
 Du er ryddig, fleksibel og positiv. 
 Du må ha lidenskap for å klippe hår og skjegg. 
 
 Personlige egenskaper: 
 Vi søker en person som har stor interesse for faget, og som kan være et tilskudd til vårt allerede blide team. Vi er en arbeidsom gjeng med fokus på kundene våre og å yte god service. 
 Lønn: 
 NOK 190 – 250 pr. time 
 Flere informasjoner: 
 Alan Hansen, driftsleder, +47 9004 0084, alan@j-k.no 
 Hvordan søke? 
 send søknad til Alan Hansen på alan@j-k.no - snarest 
 (fra NAV EURES Norge) 
   
 Vi i J&K Barbershop er i stor vekst og har behov for flere dyktige herrefrisører, og søker deg som har stor lidenskap for å klippe hår og skjegg. Vi har behov for flere ansatte i våre salonger i Ski, Kolbotn og Sandvika. 
 https://www.j-kbarber.no 
 https://www.facebook.com/jkbarbershopnorge",,158,Norge,0,,0,Hele landet,,,1,1,Fuldtid,None,None,2,,0,,0,0,0,,False,"{'Id': 7848452, 'Email': 'alan@j-k.no', 'FaxNumber': None, 'PersonName': 'Alan Hansen', 'FirstName': 'Alan', 'LastName': 'Hansen', 'PositionTitle': 'driftsleder', 'PhoneNumbers': [{'Number': '004790040084', 'Type': 2, 'Description': 'Mobil'}]}",,False,False,False,False,4,,,False,False,False,False,EURES DK / Jan / 7222 3350,,alan@j-k.no,,,False,2022-05-19T00:00:00,,0,Primary,7,/CV/FindWork/GetLogo?JobAdId=5560549&Organisation=99999999,"Jernbanesvingen 6,1400, Ski",False,False,"/CV/Jobseeking/JobLog/CreateJobSearch?JobnetJobPostingIdentifier=5560549&Company.Name=J&k Barber Shop Ski Storsenter&SubmissionDeadlineDate=2022-5-19&Title=Frisører / barberer, Ski, Norge&WeeklyWorkTime=1",00000000-0000-0000-0000-000000000000,False,0,,,"Frisører / barberer, Ski, Norge",True,,True,1,,5560549,,,False,False,,0,False,J&k Barber Shop Ski Storsenter,Jernbanesvingen 6,,,1400,False,False,False,Ski,Alan Hansen,004790040084,alan@j-k.no,,,,,False,,2022-05-19T00:00:00,,0,False,0,,,,,0,,,,False,False,,,False,False,,,,False,,False,,,Arbejdspladsen ligger i Norge,False,J&k Barber Shop Ski Storsenter,,None,,False,False,"Jk Barber Shop, Ski Storsenter, Norge, s&oslash;ker fris&oslash;rer / barberer.
Faste stillinger, heltid, skiftarbeid, startdato etter avtale.
Vi tilbyr:

H&oslash;y l&oslash;nn med gode betingelser
Fast ansettelse med tett oppf&oslash;lgning
Et godt arbeidsmilj&oslash;

&Oslash;nsket kvalifikasjoner:

Minimum ett &aring;rs erfaring som f","""Jk Barber Shop, Ski Storsenter, Norge, s\u0026oslash;ker fris\u0026oslash;rer / barberer.\r\nFaste stillinger, heltid, skiftarbeid, startdato etter avtale.\r\nVi tilbyr:\r\n\r\nH\u0026oslash;y l\u0026oslash;nn med gode betingelser\r\nFast ansettelse med tett oppf\u0026oslash;lgning\r\nEt godt arbeidsmilj\u0026oslash;\r\n\r\n\u0026Oslash;nsket kvalifikasjoner:\r\n\r\nMinimum ett \u0026aring;rs erfaring som f""","""Frisører / barberer, Ski, Norge""","https://www.google.dk/maps/dir//Jernbanesvingen+6,1400,+Ski/","J&k Barber Shop, Ski Storsenter, Norge, søker frisører / barberer. 
 Faste stillinger, heltid, skiftarbeid, startdato etter avtale. 
 Vi tilbyr: 
 
 Høy lønn med gode betingelser 
 Fast ansettelse med tett oppfølgning 
 Et godt arbeidsmiljø 
 
 Ønsket kvalifikasjoner: 
 
 Minimum ett års erfaring som frisør. 
 Gode kommunikasjonsevne i norsk/engelsk. 
 Du er ryddig, fleksibel og positiv. 
 Du må ha lidenskap for å klippe hår og skjegg. 
 
 Personlige egenskaper: 
 Vi søker en person som har stor interesse for faget, og som kan være et tilskudd til vårt allerede blide team. Vi er en arbeidsom gjeng med fokus på kundene våre og å yte god service. 
 Lønn: 
 NOK 190 – 250 pr. time 
 Flere informasjoner: 
 Alan Hansen, driftsleder, +47 9004 0084, alan@j-k.no 
 Hvordan søke? 
 send søknad til Alan Hansen på alan@j-k.no - snarest 
 (fra NAV EURES Norge) 
   
 Vi i J&K Barbershop er i stor vekst og har behov for flere dyktige herrefrisører, og søker deg som har stor lidenskap for å klippe hår og skjegg. Vi har behov for flere ansatte i våre salonger i Ski, Kolbotn og Sandvika. 
 https://www.j-kbarber.no 
 https://www.facebook.com/jkbarbershopnorge","https://www.google.dk/maps/place/Jernbanesvingen+6,1400,+Ski/",99999999,False,False,,False
